0000000000000000000000000000000000000000000000000000000000000000000000000000000000000000000000000000000000000000000000000000000000000000000000000000000000000000000000000000000000000000000000000000000000000000000000000000000000000000000000000
0000000000000000000000000000000000000000000000000000000000000000000000000000000000000000000000000000000000000000000000000000000000000000000000000000000000000000000000000000000000000000000000000000000000000000000000000000000000000000000000000
0000000000000000000000000000000000000000000000000000000000000000000000000000000000000000000000000000000000000000000000000000000000000000000000000000000000000000000000000000000000000000000000000000000000000000000000000000000000000000000000000
0000000000000000000000000000000000000000000000000000000000000000000000000000000000000000000000000000000000000000000000000000000000000000000000000000000000000000000000000000000000000000000000000000000000000000000000000000000000000000000000000
0000000000000000000000000000000000000000000000000000000000000000000000000000000000000000000000000000000000000000000000000000000000000000000000000000000000000000000000000000000000000000000000000000000000000000000000000000000000000000000000000
0000000000000000000000000000000000000000000000000000000000000000000000000000000000000000000000000000000000000000000000000000000000000000000000000000000000000000000000000000000000000000000000000000000000000000000000000000000000000000000000000
0000000000000000000000000000000000000000000000000000000000000000000000000000000000000000000000000000000000000000000000000000000000000000000000000000000000000000000000000000000000000000000000000000000000000000000000000000000000000000000000000
0000000000000000000000000000000000000000000000000000000000000000000000000000000000000000000000000000000000000000000000000000000000000000000000000000000000000000000000000000000000000000000000000000000000000000000000000000000000000000000000000
0000000000000000000000000000000000000000000000000000000000000000000000000000000000000000000000000000000000000000000000000000000000000000000000000000000000000000000000000000000000000000000000000000000000000000000000000000000000000000000000000
0000000000000000000000000000000000000000000000000000000000000000000000000000000000000000000000000000000000000001100000001100000000000000000000000000000000000000000000000000000000000000000000000000000000000000000000000000000000000000000000000
0000000000000000000000000000000000000000000000000000000000000000000000000000000000000000000000000000000000000012210001012211000000000000000000000000000000000000000000000000000000000000000000000000000000000000000000000000000000000000000000000
0000000000000000000000000000000000000000000000000000000000000000000000000000000000000000000000000000000000000122221012122222100000000000000000000000000000000000000000000000000000000000000000000000000000000000000000000000000000000000000000000
0000000000000000000000000000000000000000000000000000000000000000000000000000000000000000000000000000000000001222222122222222210000000000000000000000000000000000000000000000000000000000000000000000000000000000000000000000000000000000000000000
0000000000000000000000000000000000000000000000000000000000000000000000000000000000000000000000000000000000112222222222222222221010000000000000000000000000000000000000000000000000000000000000000000000000000000000000000000000000000000000000000
0000000000000000000000000000000000000000000000000000000000000000000000000000000000000000000000000000000001222222222222222222222121000000000000000000000000000000000000000000000000000000000000000000000000000000000000000000000000000000000000000
0000000000000000000000000000000000000000000000000000000000000000000000000000000000000000000000000000010001222222222222222222222221000000000000000000000000000000000000000000000000000000000000000000000000000000000000000000000000000000000000000
0000000000000000000000000000000000000000000000000000000000000000000000000000000000000000000000000000121012222222222222222222222210000000000000000000000000000000000000000000000000000000000000000000000000000000000000000000000000000000000000000
0000000000000000000000000000000000000000000000000000000000000000000000000001000001110000000000000001222122222222222222222222222210000000000000000000000000000000000000000000000000000000000000000000000000000000000000000000000000000000000000000
0000000000000000000000000000000000000000000000000000000000000000000000000012111112221110000000000100122222222222222222222222222221000000000000000000000000000000000000000000000000000000000000000000000000000000000000000000000000000000000000000
0000000000000000000000000000000000000000000000000000000000000000001100000101222222222221000000101211222222222222222222222222222210000000000000000000000000000000000000000000000000000000000000000000000000000000000000000000000000000000000000000
0000000000000000000000000000000000000000000000000000000000000000012210001212222222222221000001212222222222222222222222222222222100000000000000000000000000000000000000000000000000000000000000000000000000000000000000000000000000000000000000000
0000000000000000000000000000000000000000000000000000000000000000001221112222222222222222111112222222222222222222222222222222222100000000000000000000000000000000000000000000000000000000000000000000000000000000000000000000000000000000000000000
0000000000000000000000000000000000000000000000000000000000000000112222222222222222222222222222222222222222222222222222222222222100000000000000000000000000000000000000000000000000000000000000000000000000000000000000000000000000000000000000000
0000000000000000000000000000000000000000000000000000000000100001222222222222222222222222222222222222222222222222222222222222222100000000000000000000000000000000000000000000000000000000000000000000000000000000000000000000000000000000000000000
0000000000000000000000000000000000000000000000000000000001211112222222222222222222222222222222222222222222222222222222222222222100000000000000000000000000000000000000000000000000000000000000000000000000000000000000000000000000000000000000000
0000000000000000000000000000000000000000000000000000110101222222222222222222222222222222222222222222222222222222222222222222222210000000000000000000000000000000000000000000000000000000000000000000000000000000000000000000000000000000000000000
0000000000000000000000000000000000000000000000000001221212222222222222222222222222222222222222222222222222222222222222222222222221000000000000000000000000000000000000000000000000000000000000000000000000000000000000000000000000000000000000000
0000000000000000000000000000000000000000000000000000112222222222222222222222222222222222222222222222222222222222222222222222222221000000000000000000000000000000000000000000000000000000000000000000000000000000000000000000000000000000000000000
0000000000000000000000000000000000000000000000000000001222222222222222222222222222222222222222222222222222222222222222222222222222100000000000000000000000000000000000000000000000000000000000000000000000000000000000000000000000000000000000000
0000000000000000000000000000000000000000000000000000012222222222222222222222222222222222222222222222222222222222222222222222222221000000000000000000000000000000000000000000000000000000000000000000000000000000000000000000000000000000000000000
0000000000000000000000000000000000000000000000000000012222222222222222222222222222222222222222222222222222222222222222222222222222100000000000000000000000000000000000000000000000000000000000000000000000000000000000000000000000000000000000000
0000000000000000000000000000000000000000000000000000012222222222222222222222222222222222222222222222222222222222222222222222222222210000000000000000000000000000000000000000000001000000000000000000000000000000000000000000000000000000000000000
0000000000000000000000000000000000000000000000001111122222222222222222222222222222222222222222222222222222222222222222222222222222221001000000000000000000000000000000001000111112111100000000000000000000000000000000000000000000000000000000000
0000000000000000000000000000000000000000000000112222222222222222222222222222222222222222222222222222222222222222222222222222222222222112100000000000000000000000000000112111222222222210000000000000000000000000000000000000000000000000000000000
0000000000000000000000000000000000000000000001222222222222222222222222222222222222222222222222222222222222222222222222222222222222222222101000000000000000000000000001222222222222222221100010000000000000000000000000000000000000000000000000000
0000000000000000000000000000000000000000000000112222222222222222222222222222222222222222222222222222222222222222222222222222222222222222212100000000000001000000000100122222222222222222211121000000000000000000000000000000000000000000000000000
0000000000000000000000000000000000000000000000001222222222222222222222222222222222222222222222222222222222222222222222222222222222222222222210000000000012111111111211222222222222222222222210000000000000000000000000000000000000000000000000000
0000000000000000000000000000000000000000000000000122222222222222222222222222222222222222222222222222222222222222222222222222222222222222222210000000010012222222222222222222222222222222222210000000000000000000000000000000000000000000000000000
0000000000000000000000000000000000000000000000000012222222222222222222222222222222222222222222222222222222222222222222222222222222222222222221010111121122222222222222222222222222222222222221000000000000000000000000000000000000000000000000000
0000000000000000000000000000000000000000000000000001222222222222222222222222222222222222222222222222222222222222222222222222222222222222222222121222222222222222222222222222222222222222222222100000000000000000000000000000000000000000000000000
0000000000000000000000000000000000000000000000000000122222222222222222222222222222222222222222222222222222222222222222222222222222222222222222222222222222222222222222222222222222222222222222210000000000000000000000000000000000000000000000000
0000000000000000000000000000000000000000000000000000122222222222222222222222222222222222222222222222222222222222222222222222222222222222222222222222222222222222222222222222222222222222222222221000000000000000000000000000000000000000000000000
0000000000000000000000000000000000000000000000000001222222222222222222222222222222222222222222222222222222222222222222222222222222222222222222222222222222222222222222222222222222222222222222222100000000000000000000000000000000000000000000000
0000000000000000000000000000000000000000000000000000122222222222222222222222222222222222222222222222222222222222222222222222222222222222222222222222222222222222222222222222222222222222222222221000000000000000000000000000000000000000000000000
0000000000000000000000000000000000000000000000000000012222222222222222222222222222222222222222222222222222222222222222222222222222222222222222222222222222222222222222222222222222222222222222222111000000000000000000000000000000000000000000000
0000000000000000000000000000000000000000000000000000012222222222222222222222222222222222222222222222222222222222222222222222222222222222222222222222222222222222222222222222222222222222222222222222100000000000000000000000000000000000000000000
0000000000000000000000000000000000000000000000000000122222222222222222222222222222222222222222222222222222222222222222222222222222222222222222222222222222222222222222222222222222222222222222222222100000000000000000000000000000000000000000000
0000000000000000000000000000000000000000000000000000012222222222222222222222222222222222222222222222222222222222222222222222222222222222222222222222222222222222222222222222222222222222222222222222210000000000000000000000000000000000000000000
0000000000000000000000000000000000000000000000000000001222222222222222222222222222222222222222222222222222222222222222222222222222222222222222222222222222222222222222222222222222222222222222222222221100000000000000000000000000000000000000000
0000000000000000000000000000000000000000000000000000012222222222222222222222222222222222222222222222222222222222222222222222222222222222222222222222222222222222222222222222222222222222222222222222222211000000000000000000000000000000000000000
0000000000000000000000000000000000000000000000000000001222222222222222222222222222222222222222222222222222222222222222222222222222222222222222222222222222222222222222222222222222222222222222222222222222100000000000000000000000000000000000000
0000000000000000000000000000000000000000000000000000000122222222222222222222222222222222222222222222222222222222222222222222222222222222222222222222222222222222222222222222222222222222222222222222222221000000000000000000000000000000000000000
0000000000000000000000000000000000000000000000000000000122222222222222222222222222222222222222222222222222222222222222222222222222222222222222222222222222222222222222222222222222222222222222222222222221000000000000000000000000000000000000000
0000000000000000000000000000000000000000000000000000000122222222222222222222222222222222222222222222222222222222222222222222222222222222222222222222222222222222222222222222222222222222222222222222222222100000000000000000000000000000000000000
0000000000000000000000000000000000000000000000000000000122222222222222222222222222222222222222222222222222222222222222222222222222222222222222222222222222222222222222222222222222222222222222222222222221000000000000000000000000000000000000000
0000000000000000000000000000000000000000000000000000000122222222222222222222222222222222222222222222222222222222222222222222222222222222222222222222222222222222222222222222222222222222222222222222222222100000000000000000000000000000000000000
0000000000000000000000000000000000000000000000000000001222222222222222222222222222222222222222222222222222222222222222222222222222222222222222222222222222222222222222222222222222222222222222222222222222210000000000000000000000000000000000000
0000000000000000000000000000000000000000000000000000000122222222222222222222222222222222222222222222222222222222222222222222222222222222222222222222222222222222222222222222222222222222222222222222222222221000000000000000000000000000000000000
0000000000000000000000000000000000000000000000000000000012222222222222222222222222222222222222222222222222222222222222222222222222222222222222222222222222222222222222222222222222222222222222222222211111210000000000000000000000000000000000000
0000000000000000000000000000000000000000000000000000000012222222222222222222222222222222222222222222222222222222222222222222222222222222222222222222222222222222222222222222222222222222222222222112100000100000000000000000000000000000000000000
0000000000000000000000000000000000000000000000000000000012222222222222222222222222222222222222222222222222222222222222222222222222222222222222222222222222222222222222222222222222222222222222221001000001210000000000000000000000000000000000000
0000000000000000000000000000000000000000000000000000000012222222222222222222222222222222222222222222222222222222222222222222222222222222222222222222222222222222222222222222222222222222222221210000000000100000000000000000000000000000000000000
0000000000000000000000000000000000000000000000000000000012222222222222222222222222222222222222222222222222222222222222222222222222222222222222222222222222222222222222222222222222222222222210100000000000000000000000000000000000000000000000000
0000000000000000000000000000000000000000000000000000000122222222222222222222222222222222222222222222222222222222222222222222222222222222222222222222222222222222222222222222222222222222222221000000000000000000000000000000000000000000000000000
0000000000000000000000000000000000000000000000000000000012222222222222222222222222222222222222222222222222222222222222222222222222222222222222222222222222222222222222222222222222222222222221000000000000000000000000000000000000000000000000000
0000000000000000000000000000000000000000000000000000000012222222222222222222222222222222222222222222222222222222222222222222222222222222222222222222222222222222222222222222222222222222222222100000000000000000000000000000000000000000000000000
0000000000000000000000000000000000000000000000000000000001222222222222222222222222222222222222222222222222222222222222222222222222222222222222222222222222222222222222222222222222222222222221000000000000000000000000000000000000000000000000000
0000000000000000000000000000000000000000000000000000000001222222222222222222222222222222222222222222222222222222222222222222222222222222222222222222222222222222222222222222222222222222222221000000000000000000000000000000000000000000000000000
0000000000000000000000000000000000000000000000000000000001222222222222222222222222222222222222222222222222222222222222222222222222222222222222222222222222222222222222222222222222222222222222100000000000000000000000000000000000000000000000000
0000000000000000000000000000000000000000000000000000000001222222222222222222222222222222222222222222222222222222222222222222222222222222222222222222222222222222222222222222222222222222222221000000000000000000000000000000000000000000000000000
0000000000000000000000000000000000000000000000000000000001222222222222222222222222222222222222222222222222222222222222222222222222222222222222222222222222222222222222222222222222222222222221000000000000000000000000000000000000000000000000000
0000000000000000000000000000000000000000000000000000000001222222222222222222222222222222222222222222222222222222222222222222222222222222222222222222222222222222222222222222222222222222222221000000000000000000000000000000000000000000000000000
0000000000000000000000000000000000000000000000000000000001222222222222222222222222222222222222222222222222222222222222222222222222222222222222222222222222222222222222222222222222222222222221000000000000000000000000000000000000000000000000000
0000000000000000000000000000000000000000000000000000000001222222222222222222222222222222222222222222222222222222222222222222222222222222222222222222222222222222222222222222222222222222222222100000000000000000000000000000000000000000000000000
0000000000000000000000000000000000000000000000000000000001222222222222222222222222222222222222222222222222222222222222222222222222222222222222222222222222222222222222222222222222222222221211000000000000000000000000000000000000000000000000000
0000000000000000000000000000000000000000000000000000000001222222222222222222222222222222222222222222222222222222222222222222222222222222222222222222222222222222222222222222222222222222210100000000000000000000000000000000000000000000000000000
0000000000000000000000000000000000000000000000000000000001222222122222222222222222222222222222222222222222222222222222222222222222222222222222222222222222222222222222222222222222222222221000000000000000000000000000000000000000000000000000000
0000000000000000000000000000000000000000000000000000000001222221012222222222222222222222222222222222222222222222222222222222222222222222222222222222222222222222222222222222222222222222210000000000000000000000000000000000000000000000000000000
0000000000000000000000000000000000000000000000000000000001222222122222222222222222222222222222222222222222222222222222222222222222222222222222222222222222222222222222222222222222222222100000000000000000000000000000000000000000000000000000000
0000000000000000000000000000000000000000000000000000000001222221012222222222222222222222222222222222222222222222222222222222222222222222222222222222222222222222222222222222222222222222211000000000000000000000000000000000000000000000000000000
0000000000000000000000000000000000000000000000000000000001222110012222222222222222222222222222222222222222222222222222222222222222222222222222222222222222222222222222222222222222222222222100000000000000000000000000000000000000000000000000000
0000000000000000000000000000000000000000000000000000000001221000122222222222222222222222222222222222222222222222222222222222222222222222222222222222222222222222222222222222222222222222222101000000000000000000000000000000000000000000000000000
0000000000000000000000000000000000000000000000000000000001210001222222222222222222222222222222222222222222222222222222222222222222222222222222222222222222222222222222222222222222222222222212100000000000000000000000000000000000000000000000000
0000000000000000000000000000000000000000000000000000000000100012222222222222222222222222222222222222222222222222222222222222222222222222222222222222222222222222222222222222222222222222222222210000000000000000000000000000000000000000000000000
0000000000000000000000000000000000000000000000000000000000010122222222222222222222222222222222222222222222222222222222222222222222222222222222222222222222222222222222222222222222222222222222100000000000000000000000000000000000000000000000000
0000000000000000000000000000000000000000000000000000000001121222222222222222222222222222222222222222222222222222222222222222222222222222222222222222222222222222222222222222222222222222222222100000000000000000000000000000000000000000000000000
0000000000000000000000000000000000000000000000000000000012222222222222222222222222222222222222222222222222222222222222222222222222222222222222222222222222222222222222222222222222222222222222100000000000000000000000000000000000000000000000000
0000000000000000000000000000000000000000000000000000000001222222222222222222222222222222222222222222222222222222222222222222222222222222222222222222222222222222222222222222222222222222222221000000000000000000000000000000000000000000000000000
0000000000000000000000000000000000000000000000000000000001222222222222222222222222222222222222222222222222222222222222222222222222222222222222222222222222222222222222222222222222222222222210000000000000000000000000000000000000000000000000000
0000000000000000000000000000000000000000000000000000000001222222222222222222222222222222222222222222222222222222222222222222222222222222222222222222222222222222222222222222222222222222222210000000000000000000000000000000000000000000000000000
0000000000000000000000000000000000000000000000000000000001222222222222222222222222222222222222222222222222222222222222222222222222222222222222222222222222222222222222222222222222222222222210000000000000000000000000000000000000000000000000000
0000000000000000000000000000000000000000000000000000000001222222222222222222222222222222222222222222222222222222222222222222222222222222222222222222222222222222222222222222222222222222222100000000000000000000000000000000000000000000000000000
0000000000000000000000000000000000000000000000000000000012122222222222222222222222222222222222222222222222222222222222222222222222222222222222222222222222222222222222222222222222222222222100000000000000000000000000000000000000000000000000000
0000000000000000000000000000000000000000000000000000000001012222222222222222222222222222222222222222222222222222222222222222222222222222222222222222222222222222222222222222222222222222211000000000000000000000000000000000000000000000000000000
0000000000000000000000000000000000000000000000000000000000012222222222222222222222222222222222222222222222222222222222222222222222222222222222222222222222222222222222222222222222222222100000000000000000000000000000000000000000000000000000000
0000000000000000000000000000000000000000000000000000000000122222222222222222222222222222222222222222222222222222222222222222222222222222222222222222222222222222222222222222222222222221010000000000000000000000000000000000000000000000000000000
0000000000000000000000000000000000000000000000000000000001222222222222222222222222222222222222222222222222222222222222222222222222222222222222222222222222222222222222222222222222222222121000000000000000000000000000000000000000000000000000000
0000000000000000000000000000000000000000000000000000000012222222222222222222222222222222222222222222222222222222222222222222222222222222222222222222222222222222222222222222222222222222210000000000000000000000000000000000000000000000000000000
0000000000000000000000000000000000000000000000000000000001222222222222222222222222222222222222222222222222222222222222222222222222222222222222222222222222222222222222222222222222222222221000000000000000000000000000000000000000000000000000000
0000000000000000000000000000000000000000000000000000000012222222222222222222222222222222222222222222222222222222222222222222222222222222222222222222222222222222222222222222222222222222221000000000000000000000000000000000000000000000000000000
0000000000000000000000000000000000000000000000000000000101222222222222222222222222222222222222222222222222222222222222222222222222222222222222222222222222222222222222222222222222222222210000000000000000000000000000000000000000000000000000000
0000000000000000000000000000000000000000000000000000001212222222222222222222222222222222222222222222222222222222222222222222222222222222222222222222222222222222222222222211222222222222100000000000000000000000000000000000000000000000000000000
0000000000000000000000000000000000000000000000000010012222222222222222222222222222222222222222222222222222222222222222222222222222222222222222222222222222222222222222222100122222222222210000000000000000000000000000000000000000000000000000000
0000000000000000000000000000000000000000000000000121122222222222222222222222222222222222222222222222222222222222222222222222222222222222222222222222222222222222222222222211012222222222100000000000000000000000000000000000000000000000000000000
0000000000000000000000000000000000000000000000000122222222222222222222222222222222222222222222222222222222222222222222222222222222222222222222222222222222222222222222222222101222222221000000000000000000000000000000000000000000000000000000000
0000000000000000000000000000000000000000000000001222222222222222222222222222222222222222222222222222222222222222222222222222222222222222222222222222222222222222222222222222212222222222100000000000000000000000000000000000000000000000000000000
0000000000000000000000000000000000000000000000012222222222222222222222222222222222222222222222222222222222222222222222222222222222222222222222222222222222222222222222222222212222222222100000000000000000000000000000000000000000000000000000000
0000000000000000000000000000000000000000000000012222222222222222222222222222222222222222222222222222222222222222222222222222222222222222222222222222222222222222222222222222101221122221000000000000000000000000000000000000000000000000000000000
0000000000000000000000000000000000000000000000012222222222222222222222222222222222222222222222222222222222222222222222222222222222222222222222222222222222222222222222222221000110012210000000000000000000000000000000000000000000000000000000000
0000000000000000000000000000000000000000000000012222222222222222222222222222222222222222222222222222222222222222222222222222222222222222222222222222222222222222222222222210000000012100000000000000000000000000000000000000000000000000000000000
0000000000000000000000000000000000000000000010122222222222222222222222222222222222222222222222222222222222222222222222222222222222222222222222222222222222222222222222222221000000001000000000000000000000000000000000000000000000000000000000000
0000000000000000000000000000000000000000000121222222222222222222222222222222222222222222222222222222222222222222222222222222222222222222222222222222222222222222222222222221000000000000000000000000000000000000000000000000000000000000000000000
0000000000000000000000000000000000000000000012222222222222222222222222222222222222222222222222222222222222222222222222222222222222222222222222222222222222222222222222222222100000000000000000000000000000000000000000000000000000000000000000000
0000000000000000000000000000000000000000000122222222222222222222222222222222222222222222222222222222222222222222222222222222222222222222222222222222222222222222222222222222210000000000000000000000000000000000000000000000000000000000000000000
0000000000000000000000000000000000000000000012222222222222222222222222222222222222222222222222222222222222222222222222222222222222222222222222222222222222222222222222222222221000000000000000000000000000000000000000000000000000000000000000000
0000000000000000000000000000000000000000000122222222222222222222222222222222222222222222222222222222222222222222222222222222222222222222222222222222222222222222222222222222222100000000000000000000000000000000000000000000000000000000000000000
0000000000000000000000000000000000000000000012222222222222222222222222222222222222222222222222222222222222222222222222222222222222222222222222222222222222222222222222222222222210000000000000000000000000000000000000000000000000000000000000000
0000000000000000000000000000000000000000000012222222222222222222222222222222222222222222222222222222222222222222222222222222222222222222222222222222222222222222222222222222222100000000000000000000000000000000000000000000000000000000000000000
0000000000000000000000000000000000000000000101222222222222222222222222222222222222222222222222222222222222222222222222222222222222222222222222222222222222222222222222222222222100000000000000000000000000000000000000000000000000000000000000000
0000000000000000000000000000000000000000001212222222222222222222222222222222222222222222222222222222222222222222222222222222222222222222222222222222222222222222222222222222222100000000000000000000000000000000000000000000000000000000000000000
0000000000000000000000000000000000000000001222222222222222222222222222222222222222222222222222222222222222222222222222222222222222222222222222222222222222222222222222222222222210000000000000000000000000000000000000000000000000000000000000000
0000000000000000000000000000000000000010012222222222222222222222222222222222222222222222222222222222222222222222222222222222222222222222222222222222222222222222222222222222222221000000000000000000000000000000000000000000000000000000000000000
0000000000000000000000000000000000000121122222222222222222222222222222222222222222222222222222222222222222222222222222222222222222222222222222222222222222222222222222222222222222110000000000000000000000000000000000000000000000000000000000000
0000000000000000000000000000000000000012222222222222222222222222222222222222222222222222222222222222222222222222222222222222222222222222222222222222222222222222222222222222222222221000000000000000000000000000000000000000000000000000000000000
0000000000000000000000000000000000000122222222222222222222222222222222222222222222222222222222222222222222222222222222222222222222222222222222222222222222222222222222222222222222210000000000000000000000000000000000000000000000000000000000000
0000000000000000000000000000000000000012222222222222222222222222222222222222222222222222222222222222222222222222222222222222222222222222222222222222222222222222222222222222222222221100000000000000000000000000000000000000000000000000000000000
0000000000000000000000000000000000000012222222222222222222222222222222222222222222222222222222222222222222222222222222222222222222222222222222222222222222222222222222222222222222222210000000000000000000000000000000000000000000000000000000000
0000000000000000000000000000010001000122222222222222222222222222222222222222222222222222222222222222222222222222222222222222222222222222222222222222222222222222222222222222222222222210000000000000000000000000000000000000000000000000000000000
0000000000000000000000000000121012111222222222222222222222222222222222222222222222222222222222222222222222222222222222222222222222222222222222222222222222222222222222222222222222222221000000000000000000000000000000000000000000000000000000000
0000000000000000000000000000122122222222222222222222222222222222222222222222222222222222222222222222222222222222222222222222222222222222222222222222222222222222222222222222222222222221000000000000000000000000000000000000000000000000000000000
0000000000000000000000010000122222222222222222222222222222222222222222222222222222222222222222222222222222222222222222222222222222222222222222222222222222222222222222222222222222222212100000000000000000000000000000000000000000000000000000000
0000000000000000000000121001222222222222222222222222222222222222222222222222222222222222222222222222222222222222222222222222222222222222222222222222222222222222222222222222222222222101000000000000000000000000000000000000000000000000000000000
0000000000000000000000122112222222222222222222222222222222222222222222222222222222222222222222222222222222222222222222222222222222222222222222222222222222222222222222222222222222222210010010000000000000000000000000000000000000000000000000000
0000000000000000000001222222222222222222222222222222222222222222222222222222222222222222222222222222222222222222222222222222222222222222222222222222222222222222222222222222222222222210121121000000000000000000000000000000000000000000000000000
0000000000000000000001222222222222222222222222222222222222222222222222222222222222222222222222222222222222222222222222222222222222222222222222222222222222222222222222222222222222222221222222100000000000000000000000000000000000000000000000000
0000000000101000010012222222222222222222222222222222222222222222222222222222222222222222222222222222222222222222222222222222222222222222222222222222222222222222222222222222222222222222222222210000000000000000000000000000000000000000000000000
0000000001212101121122222222222222222222222222222222222222222222222222222222222222222222222222222222222222222222222222222222222222222222222222222222222222222222222222222222222222222222222222100000000000000000000000000000000000000000000000000
0000000001222212222222222222222222222222222222222222222222222222222222222222222222222222222222222222222222222222222222222222222222222222222222222222222222222222222222222222222222222222222222100000000000000000000000000000000000000000000000000
0000000012222222222222222222222222222222222222222222222222222222222222222222222222222222222222222222222222222222222222222222222222222222222222222222222222222222222222222222222222222222222221000000000000000000000000000000000000000000000000000
0000000001222222222222222222222222222222222222222222222222222222222222222222222222222222222222222222222222222222222222222222222222222222222222222222222222222222222222222222222222222222222221000000000000000000000000000000000000000000000000000
0000000112222222222222222222222222222222222222222222222222222222222222222222222222222222222222222222222222222222222222222222222222222222222222222222222222222222222222222222222222222222222222100000000000000000000000000000000000000000000000000
0000011222222222222222222222222222222222222222222222222222222222222222222222222222222222222222222222222222222222222222222222222222222222222222222222222222222222222222222222222222222222222222100000000000000000000000000000000000000000000000000
0000122222222222222222222222222222222222222222222222222222222222222222222222222222222222222222222222222222222222222222222222222222222222222222222222222222222222222222222222222222222222222221000000000000000000000000000000000000000000000000000
0000011112122222222222222222222222222222222222222222222222222222222222222222222222222222222222222222222222222222222222222222222222222222222222222222222222222222222222222222222222222222222221000000000000000000000000000000000000000000000000000
0000000001012222222222222222222222222222222222222222222222222222222222222222222222222222222222222222222222222222222222222222222222222222222222222222222222222222222222222222222222222222222222100000000000000000000000000000000000000000000000000
0000000012122222222222222222222222222222222222222222222222222222222222222222222222222222222222222222222222222222222222222222222222222222222222222222222222222222222222222222222222222222222222100000000000000000000000000000000000000000000000000
0000000012222222222222222222222222222222222222222222222222222222222222222222222222222222222222222222222222222222222222222222222222222222222222222222222222222222222222222222222222222222222221000000000000000000000000000000000000000000000000000
0000001121222222222222222222222222222222222222222222222222222222222222222222222222222222222222222222222222222222222222222222222222222222222222222222222222222222222222222222222222222222222221000000000000000000000000000000000000000000000000000
0000012210122222222222222222222222222222222222222222222222222222222222222222222222222222222222222222222222222222222222222222222222222222222222222222222222222222222222222222222222222222222221000000000000000000000000000000000000000000000000000
0000012221222222222222222222222222222222222222222222222222222222222222222222222222222222222222222222222222222222222222222222222222222222222222222222222222222222222222222222222222222222222221000000000000000000000000000000000000000000000000000
0000122222222222222222222222222222222222222222222222222222222222222222222222222222222222222222222222222222222222222222222222222222222222222222222222222222222222222222222222222222222222222221000000000000000000000000000000000000000000000000000
0000012222222222222222222222222222222122222222222222222222222222222222222222222222222222222222222222222222222222222222222222222222222222222222222222222222222222222222222222222222222222222221000000000000000000000000000000000000000000000000000
0000122222222222222222222222222222221012222222222211222222222222222222222222222222222222222222222222222222222222222222222222222222222222222222222222222222222222222222222222222222222222222222100000000000000000000000000000000000000000000000000
0000011222222222222222222222222222210001112112122100122222222222222222222222222222222222222222222222222222222222222222222222222222222222222222222222222222222222222222222222222222222222222222100000000000000000000000000000000000000000000000000
0000000121222222222222222222222222210000001001011210012222222222222222222222222222222222222222222222222222222222222222222222222222222222222222222222222222222222222222222222222222222222222222100000000000000000000000000000000000000000000000000
0000000010121111111212222222222221100000000000000100012222222222222222222222222222222222222222222222222222222222222222222222222222222222222222222222222222222222222222222222222222222222222222100000000000000000000000000000000000000000000000000
0000000000010000000101122222222210000000000000000000122222222222222222222222222222222222222222222222222222222222222222222222222222222222222222222222222222222222222222222222222222222222222222100000000000000000000000000000000000000000000000000
0000000000000000000000012222222221000000000000000000122222222222222222222222222222222222222222222222222222222222222222222222222222222222222222222222222222222222222222222222222222222222222222100000000000000000000000000000000000000000000000000
0000000000000000000000001111111210000000000000000000122222222222222222222222222222222222222222222222222222222222222222222222222222222222222222222222222222222222222222222222222222222222222222100000000000000000000000000000000000000000000000000
0000000000000000000000000000000100000000000000000000122222222222222222222222222222222222222222222222222222222222222222222222222222222222222222222222222222222222222222222222222222222222222222210000000000000000000000000000000000000000000000000
0000000000000000000000000000000000000000000000000000012222222222222222222222222222222222222222222222222222222222222222222222222222222222222222222222222222222222222222222222222222222222222222221000000000000000000000000000000000000000000000000
0000000000000000000000000000000000000000000000000000012222222222222222222222222222222222222222222222222222222222222222222222222222222222222222222222222222222222222222222222222222222222222222210000000000000000000000000000000000000000000000000
0000000000000000000000000000000000000000000000000000012222222222222222222222222222222222222222222222222222222222222222222222222222222222222222222222222222222222222222222222222222222222222222221000000000000000000000000000000000000000000000000
0000000000000000000000000000000000000000000000000000012222222222222222222222222222222222222222222222222222222222222222222222222222222222222222222222222222222222222222222222222222222222222222222100000000000000000000000000000000000000000000000
0000000000000000000000000000000000000000000000000000012222222222222222222222222222222222222222222222222222222222222222222222222222222222222222222222222222222222222222222222222222222222222222222210000000000000000000000000000000000000000000000
0000000000000000000000000000000000000000000000000000122222222222222222222222222222222222222222222222222222222222222222222222222222222222222222222222222222222222222222222222222222222222222222222221000000000000000000000000000000000000000000000
0000000000000000000000000000000000000000000000000001222222222222222222222222222222222222222222222222222222222222222222222222222222222222222222222222222222222222222222222222222222222222222222222222100000000000000000000000000000000000000000000
0000000000000000000000000000000000000000000000000000122222222222222222222112222222222222222222222222222222222222222222222222222222222222222222222222222222222222222222222222222222222222222222222222100000000000000000000000000000000000000000000
0000000000000000000000000000000000000000000000000011222222222222222221121001222222222222222222222222222222222222222222222222222222222222222222222222222222222222222222222222222222222222222222222221000000000000000000000000000000000000000000000
0000000000000000000000000000000000000000000000000122222222222111111210010000122222222222222222222222222222222222222222222222222222222222222222222222222222222222222222222222222222222222221111121121000000000000000000000000000000000000000000000
0000000000000000000000000000000000000000000000000012222222211000000100000000012222222222222222222222222222222222222222222222222222222222222222222222222222222222222222222222211212211222210000010010000000000000000000000000000000000000000000000
0000000000000000000000000000000000000000000000000122222222100000000000000000001222222222222222222222222222222222222222222222222222222222222222222222222222222222222222222222100101100112100000000000000000000000000000000000000000000000000000000
0000000000000000000000000000000000000000000000001222222221000000000000000000012222222222222222222222222222222222222222222222222222222222222222222222222222222222222222222222210000000001000000000000000000000000000000000000000000000000000000000
0000000000000000000000000000000000000000000000000122222221000000000000000000001222222222222222222222222222222222222222222222222222222222222222222222222222222222222222222222100000000000000000000000000000000000000000000000000000000000000000000
0000000000000000000000000000000000000000000000000122222222100000000000000000012222222222222222222222222222222222222222222222222222222222222222222222222222222222222222222211000000000000000000000000000000000000000000000000000000000000000000000
0000000000000000000000000000000000000000000000000122222222210000000000000000001222222222222222222222222222222222222222222222222222222222222222222222222222222222221222222100000000000000000000000000000000000000000000000000000000000000000000000
0000000000000000000000000000000000000000000000001222212121210000000000000000001222222222222222222222222222222222222222222222222222222222222222222222222222111222210112121000000000000000000000000000000000000000000000000000000000000000000000000
0000000000000000000000000000000000000000000000012112101010100000000000000000000121222222222222222222222222222222222222222222222222222222222222222222222221000122100001010000000000000000000000000000000000000000000000000000000000000000000000000
0000000000000000000000000000000000000000000000001001000000000000000000000000000010122222222222222222222222222222222222222222222222222222222222222222222210000011000000000000000000000000000000000000000000000000000000000000000000000000000000000
0000000000000000000000000000000000000000000000000000000000000000000000000000000000011222222222222222222222222222222222222222222222222222222222222222222100000000000000000000000000000000000000000000000000000000000000000000000000000000000000000
0000000000000000000000000000000000000000000000000000000000000000000000000000000000000111122222222222222222222222222222222222222222222222222222222222211000000000000000000000000000000000000000000000000000000000000000000000000000000000000000000
0000000000000000000000000000000000000000000000000000000000000000000000000000000000000000012122222222222222222222222222222222222222222222222222222212100000000000000000000000000000000000000000000000000000000000000000000000000000000000000000000
0000000000000000000000000000000000000000000000000000000000000000000000000000000000000000001012222222222222222222222222222222222222222222222222222101000000000000000000000000000000000000000000000000000000000000000000000000000000000000000000000
0000000000000000000000000000000000000000000000000000000000000000000000000000000000000000000012222222222222222222222222222222222222222222222222222210000000000000000000000000000000000000000000000000000000000000000000000000000000000000000000000
0000000000000000000000000000000000000000000000000000000000000000000000000000000000000000000001222222222222222222222222222222222222222222111111222100000000000000000000000000000000000000000000000000000000000000000000000000000000000000000000000
0000000000000000000000000000000000000000000000000000000000000000000000000000000000000000000000122222222222222222222222222222222222222221000000121000000000000000000000000000000000000000000000000000000000000000000000000000000000000000000000000
0000000000000000000000000000000000000000000000000000000000000000000000000000000000000000000000011222222222222222222222222222222222222221000000010000000000000000000000000000000000000000000000000000000000000000000000000000000000000000000000000
0000000000000000000000000000000000000000000000000000000000000000000000000000000000000000000000000122222222222222222222222222222222222221000000121000000000000000000000000000000000000000000000000000000000000000000000000000000000000000000000000
0000000000000000000000000000000000000000000000000000000000000000000000000000000000000000000000001222222222222222222222222222222222222210000000012100000000000000000000000000000000000000000000000000000000000000000000000000000000000000000000000
0000000000000000000000000000000000000000000000000000000000000000000000000000000000000000000000000122222222222222222222222222222222222210000000001000000000000000000000000000000000000000000000000000000000000000000000000000000000000000000000000
0000000000000000000000000000000000000000000000000000000000000000000000000000000000000000000000000012222222222222222222222222222222222221000000000000000000000000000000000000000000000000000000000000000000000000000000000000000000000000000000000
0000000000000000000000000000000000000000000000000000000000000000000000000000000000000000000000000012222222222222222222222222222222222222100000000000000000000000000000000000000000000000000000000000000000000000000000000000000000000000000000000
0000000000000000000000000000000000000000000000000000000000000000000000000000000000000000000000000122222222222222222222222222222221121121000000000000000000000000000000000000000000000000000000000000000000000000000000000000000000000000000000000
0000000000000000000000000000000000000000000000000000000000000000000000000000000000000000000000000012222222222222222222222222222210010010000000000000000000000000000000000000000000000000000000000000000000000000000000000000000000000000000000000
0000000000000000000000000000000000000000000000000000000000000000000000000000000000000000000000000012222222222222222222222222222100000000000000000000000000000000000000000000000000000000000000000000000000000000000000000000000000000000000000000
0000000000000000000000000000000000000000000000000000000000000000000000000000000000000000000000000012222222222222222222222222111000000000000000000000000000000000000000000000000000000000000000000000000000000000000000000000000000000000000000000
0000000000000000000000000000000000000000000000000000000000000000000000000000000000000000000000000122222222222222222222222211000000000000000000000000000000000000000000000000000000000000000000000000000000000000000000000000000000000000000000000
0000000000000000000000000000000000000000000000000000000000000000000000000000000000000000000000000122222222222222222222222100000000000000000000000000000000000000000000000000000000000000000000000000000000000000000000000000000000000000000000000
0000000000000000000000000000000000000000000000000000000000000000000000000000000000000000000000000012222222222222222222222100000000000000000000000000000000000000000000000000000000000000000000000000000000000000000000000000000000000000000000000
0000000000000000000000000000000000000000000000000000000000000000000000000000000000000000000000000012222222222222222222222100000000000000000000000000000000000000000000000000000000000000000000000000000000000000000000000000000000000000000000000
0000000000000000000000000000000000000000000000000000000000000000000000000000000000000000000000000122222222222222221211221000000000000000000000000000000000000000000000000000000000000000000000000000000000000000000000000000000000000000000000000
0000000000000000000000000000000000000000000000000000000000000000000000000000000000000000000000000012222222222222210100121000000000000000000000000000000000000000000000000000000000000000000000000000000000000000000000000000000000000000000000000
0000000000000000000000000000000000000000000000000000000000000000000000000000000000000000000000000001222222222222100000010000000000000000000000000000000000000000000000000000000000000000000000000000000000000000000000000000000000000000000000000
0000000000000000000000000000000000000000000000000000000000000000000000000000000000000000000000000012222222222222100000000000000000000000000000000000000000000000000000000000000000000000000000000000000000000000000000000000000000000000000000000
0000000000000000000000000000000000000000000000000000000000000000000000000000000000000000000000000001121222222222210000000000000000000000000000000000000000000000000000000000000000000000000000000000000000000000000000000000000000000000000000000
0000000000000000000000000000000000000000000000000000000000000000000000000000000000000000000000000000010111122222210000000000000000000000000000000000000000000000000000000000000000000000000000000000000000000000000000000000000000000000000000000
0000000000000000000000000000000000000000000000000000000000000000000000000000000000000000000000000000000000012222100000000000000000000000000000000000000000000000000000000000000000000000000000000000000000000000000000000000000000000000000000000
0000000000000000000000000000000000000000000000000000000000000000000000000000000000000000000000000000000000011111100000000000000000000000000000000000000000000000000000000000000000000000000000000000000000000000000000000000000000000000000000000
0000000000000000000000000000000000000000000000000000000000000000000000000000000000000000000000000000000000000000000000000000000000000000000000000000000000000000000000000000000000000000000000000000000000000000000000000000000000000000000000000
